{
  "frames": [
    {
      "frame": 0,
      "image_path": "images/00000.png",
      "mask_path": "masks/00000.png",
      "cam_to_world": [
        [
          0.0,
          -0.28000000562667726,
          0.9599999511718771,
          2.399999944210055
        ],
        [
          1.0,
          0.0,
          0.0,
          0.0
        ],
        [
          0.0,
          0.9599999511718771,
          0.28000000562667726,
          1.600000020980833
        ],
        [
          0.0,
          0.0,
          0.0,
          1.0
        ]
      ],
      "width": 256,
      "height": 144,
      "fx": 351.6771096901917,
      "fy": 351.6771096901917,
      "cx": 128.0,
      "cy": 72.0
    },
    {
      "frame": 1,
      "image_path": "images/00001.png",
      "mask_path": "masks/00001.png",
      "cam_to_world": [
        [
          -0.41988908298053573,
          -0.25412113186342994,
          0.8712723902795225,
          2.1781808281257105
        ],
        [
          0.9075753364882566,
          -0.11756896035240288,
          0.40309354974842077,
          1.0077338060964645
        ],
        [
          5.7016051038677975e-09,
          0.9599999432694143,
          0.2800000327208335,
          1.6000000219590154
        ],
        [
          0.0,
          0.0,
          0.0,
          1.0
        ]
      ],
      "width": 256,
      "height": 144,
      "fx": 351.6771096901917,
      "fy": 351.6771096901917,
      "cx": 128.0,
      "cy": 72.0
    },
    {
      "frame": 2,
      "image_path": "images/00002.png",
      "mask_path": "masks/00002.png",
      "cam_to_world": [
        [
          -0.7621620183361422,
          -0.18126816969048712,
          0.6214908234105532,
          1.5537268624036296
        ],
        [
          0.6473862601060754,
          -0.21340538760126573,
          0.7316755627147442,
          1.8291888600326471
        ],
        [
          8.06795617982673e-09,
          0.9599999435411162,
          0.28000003178928423,
          1.6000000196301434
        ],
        [
          0.0,
          0.0,
          0.0,
          1.0
        ]
      ],
      "width": 256,
      "height": 144,
      "fx": 351.6771096901917,
      "fy": 351.6771096901917,
      "cx": 128.0,
      "cy": 72.0
    },
    {
      "frame": 3,
      "image_path": "images/00003.png",
      "mask_path": "masks/00003.png",
      "cam_to_world": [
        [
          -0.9635500159640735,
          -0.07490794122247668,
          0.25682719287863887,
          0.6420680003749586
        ],
        [
          0.2675283427128786,
          -0.2697940285385818,
          0.9250079747778764,
          2.312520002417233
        ],
        [
          3.316219844628025e-09,
          0.9600000068521211,
          0.2800000190817583,
          1.60000004889649
        ],
        [
          0.0,
          0.0,
          0.0,
          1.0
        ]
      ],
      "width": 256,
      "height": 144,
      "fx": 351.6771096901917,
      "fy": 351.6771096901917,
      "cx": 128.0,
      "cy": 72.0
    },
    {
      "frame": 4,
      "image_path": "images/00004.png",
      "mask_path": "masks/00004.png",
      "cam_to_world": [
        [
          -0.9868265645228869,
          0.04529896519370552,
          -0.15531071714350747,
          -0.3882767401130863
        ],
        [
          -0.1617820034803765,
          -0.27631145191924644,
          0.9473534233957522,
          2.3683834209678136
        ],
        [
          -3.280167297985167e-10,
          0.9600000046943118,
          0.2800000264799606,
          1.5999999434143282
        ],
        [
          0.0,
          0.0,
          0.0,
          1.0
        ]
      ],
      "width": 256,
      "height": 144,
      "fx": 351.6771096901917,
      "fy": 351.6771096901917,
      "cx": 128.0,
      "cy": 72.0
    },
    {
      "frame": 5,
      "image_path": "images/00005.png",
      "mask_path": "masks/00005.png",
      "cam_to_world": [
        [
          -0.8276889840819013,
          0.1571323846057011,
          -0.5387395661345713,
          -1.3468488538638952
        ],
        [
          -0.5611870720404093,
          -0.23175291751382215,
          0.7945813750941298,
          1.9864535594935617
        ],
        [
          5.010018520016162e-10,
          0.9599999507714954,
          0.28000000699941474,
          1.6000000244126766
        ],
        [
          0.0,
          0.0,
          0.0,
          1.0
        ]
      ],
      "width": 256,
      "height": 144,
      "fx": 351.6771096901917,
      "fy": 351.6771096901917,
      "cx": 128.0,
      "cy": 72.0
    },
    {
      "frame": 6,
      "image_path": "images/00006.png",
      "mask_path": "masks/00006.png",
      "cam_to_world": [
        [
          -0.5155538520707182,
          0.23992002503084564,
          -0.8225828845941389,
          -2.056457253977806
        ],
        [
          -0.8568571899280788,
          -0.14435508167793903,
          0.49493167349076056,
          1.237329209293764
        ],
        [
          2.8909584370074e-09,
          0.9599999499876509,
          0.28000000968688127,
          1.6000000883517993
        ],
        [
          0.0,
          0.0,
          0.0,
          1.0
        ]
      ],
      "width": 256,
      "height": 144,
      "fx": 351.6771096901917,
      "fy": 351.6771096901917,
      "cx": 128.0,
      "cy": 72.0
    },
    {
      "frame": 7,
      "image_path": "images/00007.png",
      "mask_path": "masks/00007.png",
      "cam_to_world": [
        [
          -0.10811901421258462,
          0.27835866772773793,
          -0.9543724480910121,
          -2.38593096346058
        ],
        [
          -0.9941379115660325,
          -0.03027333017402914,
          0.10379426107296552,
          0.2594856056549264
        ],
        [
          -1.6588359372322422e-09,
          0.9599999979634066,
          0.2800000495573466,
          1.6000000583282485
        ],
        [
          0.0,
          0.0,
          0.0,
          1.0
        ]
      ],
      "width": 256,
      "height": 144,
      "fx": 351.6771096901917,
      "fy": 351.6771096901917,
      "cx": 128.0,
      "cy": 72.0
    },
    {
      "frame": 8,
      "image_path": "images/00008.png",
      "mask_path": "masks/00008.png",
      "cam_to_world": [
        [
          0.31930154230791213,
          0.2653428947636756,
          -0.9097470032074297,
          -2.274367357144968
        ],
        [
          -0.9476531586469119,
          0.0894044347721733,
          -0.3065294688967616,
          -0.7663235585095561
        ],
        [
          -2.725563093393807e-09,
          0.9599999490206671,
          0.28000001300225363,
          1.6000000298830253
        ],
        [
          0.0,
          0.0,
          0.0,
          1.0
        ]
      ],
      "width": 256,
      "height": 144,
      "fx": 351.6771096901917,
      "fy": 351.6771096901917,
      "cx": 128.0,
      "cy": 72.0
    },
    {
      "frame": 9,
      "image_path": "images/00009.png",
      "mask_path": "masks/00009.png",
      "cam_to_world": [
        [
          0.6876994083435217,
          0.20327874875437832,
          -0.6969556605604958,
          -1.742389199520485
        ],
        [
          -0.7259954551790754,
          0.19255585660813182,
          -0.6601914615249329,
          -1.6504786993933023
        ],
        [
          -7.19366165362195e-09,
          0.9599999437080066,
          0.28000003121708883,
          1.6000000849568636
        ],
        [
          0.0,
          0.0,
          0.0,
          1.0
        ]
      ],
      "width": 256,
      "height": 144,
      "fx": 351.6771096901917,
      "fy": 351.6771096901917,
      "cx": 128.0,
      "cy": 72.0
    },
    {
      "frame": 10,
      "image_path": "images/00010.png",
      "mask_path": "masks/00010.png",
      "cam_to_world": [
        [
          0.9289767196134646,
          0.10363868901660814,
          -0.35533262284328276,
          -0.888331520092424
        ],
        [
          -0.3701381559205965,
          0.26011348481661434,
          -0.8918175989468812,
          -2.2295440654980974
        ],
        [
          -6.886822937818217e-09,
          0.9599999514324838,
          0.28000000473316894,
          1.600000075967518
        ],
        [
          0.0,
          0.0,
          0.0,
          1.0
        ]
      ],
      "width": 256,
      "height": 144,
      "fx": 351.6771096901917,
      "fy": 351.6771096901917,
      "cx": 128.0,
      "cy": 72.0
    },
    {
      "frame": 11,
      "image_path": "images/00011.png",
      "mask_path": "masks/00011.png",
      "cam_to_world": [
        [
          0.9985333401718764,
          -0.015158895765846737,
          0.051973353223554127,
          0.12993336186440596
        ],
        [
          0.054138907301346066,
          0.2795893748941204,
          -0.9585920744744391,
          -2.396479795276936
        ],
        [
          -1.1241115613996718e-09,
          0.9599999391471529,
          0.28000004685430063,
          1.5999999905354678
        ],
        [
          0.0,
          0.0,
          0.0,
          1.0
        ]
      ],
      "width": 256,
      "height": 144,
      "fx": 351.6771096901917,
      "fy": 351.6771096901917,
      "cx": 128.0,
      "cy": 72.0
    },
    {
      "frame": 12,
      "image_path": "images/00012.png",
      "mask_path": "masks/00012.png",
      "cam_to_world": [
        [
          0.8835119759391606,
          -0.13115437961044135,
          0.4496721267565772,
          1.1241802329101274
        ],
        [
          0.46840844890375277,
          0.24738338412713598,
          -0.8481715425371313,
          -2.120428697937275
        ],
        [
          -9.760259163441496e-09,
          0.9599999420939601,
          0.2800000367509616,
          1.6000000892547903
        ],
        [
          0.0,
          0.0,
          0.0,
          1.0
        ]
      ],
      "width": 256,
      "height": 144,
      "fx": 351.6771096901917,
      "fy": 351.6771096901917,
      "cx": 128.0,
      "cy": 72.0
    },
    {
      "frame": 13,
      "image_path": "images/00013.png",
      "mask_path": "masks/00013.png",
      "cam_to_world": [
        [
          0.6051741938873428,
          -0.2229060733217465,
          0.7642493400164542,
          1.9106232205952325
        ],
        [
          0.7960930198582187,
          0.16944879087699508,
          -0.5809672417826204,
          -1.4524180060543346
        ],
        [
          5.092888304839496e-09,
          0.9599999425023914,
          0.2800000353506258,
          1.6000000285334957
        ],
        [
          0.0,
          0.0,
          0.0,
          1.0
        ]
      ],
      "width": 256,
      "height": 144,
      "fx": 351.6771096901917,
      "fy": 351.6771096901917,
      "cx": 128.0,
      "cy": 72.0
    },
    {
      "frame": 14,
      "image_path": "images/00014.png",
      "mask_path": "masks/00014.png",
      "cam_to_world": [
        [
          0.21497042630306867,
          -0.2734537706692853,
          0.9375557186248431,
          2.3438891377621713
        ],
        [
          0.9766204967914448,
          0.060191726972731154,
          -0.20637162069137985,
          -0.5159290167739402
        ],
        [
          -2.486275335221659e-09,
          0.9599999433717081,
          0.28000003237011206,
          1.600000021082212
        ],
        [
          0.0,
          0.0,
          0.0,
          1.0
        ]
      ],
      "width": 256,
      "height": 144,
      "fx": 351.6771096901917,
      "fy": 351.6771096901917,
      "cx": 128.0,
      "cy": 72.0
    },
    {
      "frame": 15,
      "image_path": "images/00015.png",
      "mask_path": "masks/00015.png",
      "cam_to_world": [
        [
          -0.21497042630306867,
          -0.2734537706692853,
          0.9375557186248431,
          2.3438891377621713
        ],
        [
          0.9766204967914448,
          -0.060191726972731154,
          0.20637162069137985,
          0.5159290167739402
        ],
        [
          2.486275335221659e-09,
          0.9599999433717081,
          0.28000003237011206,
          1.600000021082212
        ],
        [
          0.0,
          0.0,
          0.0,
          1.0
        ]
      ],
      "width": 256,
      "height": 144,
      "fx": 351.6771096901917,
      "fy": 351.6771096901917,
      "cx": 128.0,
      "cy": 72.0
    },
    {
      "frame": 16,
      "image_path": "images/00016.png",
      "mask_path": "masks/00016.png",
      "cam_to_world": [
        [
          -0.6051741938873428,
          -0.2229060733217465,
          0.7642493400164542,
          1.9106232205952325
        ],
        [
          0.7960930198582187,
          -0.16944879087699508,
          0.5809672417826204,
          1.4524180060543346
        ],
        [
          -5.092888304839496e-09,
          0.9599999425023914,
          0.2800000353506258,
          1.6000000285334957
        ],
        [
          0.0,
          0.0,
          0.0,
          1.0
        ]
      ],
      "width": 256,
      "height": 144,
      "fx": 351.6771096901917,
      "fy": 351.6771096901917,
      "cx": 128.0,
      "cy": 72.0
    },
    {
      "frame": 17,
      "image_path": "images/00017.png",
      "mask_path": "masks/00017.png",
      "cam_to_world": [
        [
          -0.8835119759391606,
          -0.13115437961044135,
          0.4496721267565772,
          1.1241802329101274
        ],
        [
          0.46840844890375277,
          -0.24738338412713598,
          0.8481715425371313,
          2.120428697937275
        ],
        [
          9.760259163441496e-09,
          0.9599999420939601,
          0.2800000367509616,
          1.6000000892547903
        ],
        [
          0.0,
          0.0,
          0.0,
          1.0
        ]
      ],
      "width": 256,
      "height": 144,
      "fx": 351.6771096901917,
      "fy": 351.6771096901917,
      "cx": 128.0,
      "cy": 72.0
    },
    {
      "frame": 18,
      "image_path": "images/00018.png",
      "mask_path": "masks/00018.png",
      "cam_to_world": [
        [
          -0.9985333401718764,
          -0.015158895765846737,
          0.051973353223554127,
          0.12993336186440596
        ],
        [
          0.054138907301346066,
          -0.2795893748941204,
          0.9585920744744391,
          2.396479795276936
        ],
        [
          1.1241115613996718e-09,
          0.9599999391471529,
          0.28000004685430063,
          1.5999999905354678
        ],
        [
          0.0,
          0.0,
          0.0,
          1.0
        ]
      ],
      "width": 256,
      "height": 144,
      "fx": 351.6771096901917,
      "fy": 351.6771096901917,
      "cx": 128.0,
      "cy": 72.0
    },
    {
      "frame": 19,
      "image_path": "images/00019.png",
      "mask_path": "masks/00019.png",
      "cam_to_world": [
        [
          -0.9289767196134646,
          0.10363868901660814,
          -0.35533262284328276,
          -0.888331520092424
        ],
        [
          -0.3701381559205965,
          -0.26011348481661434,
          0.8918175989468812,
          2.2295440654980974
        ],
        [
          6.886822937818217e-09,
          0.9599999514324838,
          0.28000000473316894,
          1.600000075967518
        ],
        [
          0.0,
          0.0,
          0.0,
          1.0
        ]
      ],
      "width": 256,
      "height": 144,
      "fx": 351.6771096901917,
      "fy": 351.6771096901917,
      "cx": 128.0,
      "cy": 72.0
    },
    {
      "frame": 20,
      "image_path": "images/00020.png",
      "mask_path": "masks/00020.png",
      "cam_to_world": [
        [
          -0.6876994083435217,
          0.20327874875437832,
          -0.6969556605604958,
          -1.742389199520485
        ],
        [
          -0.7259954551790754,
          -0.19255585660813182,
          0.6601914615249329,
          1.6504786993933023
        ],
        [
          7.19366165362195e-09,
          0.9599999437080066,
          0.28000003121708883,
          1.6000000849568636
        ],
        [
          0.0,
          0.0,
          0.0,
          1.0
        ]
      ],
      "width": 256,
      "height": 144,
      "fx": 351.6771096901917,
      "fy": 351.6771096901917,
      "cx": 128.0,
      "cy": 72.0
    },
    {
      "frame": 21,
      "image_path": "images/00021.png",
      "mask_path": "masks/00021.png",
      "cam_to_world": [
        [
          -0.31930154230791213,
          0.2653428947636756,
          -0.9097470032074297,
          -2.274367357144968
        ],
        [
          -0.9476531586469119,
          -0.0894044347721733,
          0.3065294688967616,
          0.7663235585095561
        ],
        [
          2.725563093393807e-09,
          0.9599999490206671,
          0.28000001300225363,
          1.6000000298830253
        ],
        [
          0.0,
          0.0,
          0.0,
          1.0
        ]
      ],
      "width": 256,
      "height": 144,
      "fx": 351.6771096901917,
      "fy": 351.6771096901917,
      "cx": 128.0,
      "cy": 72.0
    },
    {
      "frame": 22,
      "image_path": "images/00022.png",
      "mask_path": "masks/00022.png",
      "cam_to_world": [
        [
          0.10811901421258462,
          0.27835866772773793,
          -0.9543724480910121,
          -2.38593096346058
        ],
        [
          -0.9941379115660325,
          0.03027333017402914,
          -0.10379426107296552,
          -0.2594856056549264
        ],
        [
          1.6588359372322422e-09,
          0.9599999979634066,
          0.2800000495573466,
          1.6000000583282485
        ],
        [
          0.0,
          0.0,
          0.0,
          1.0
        ]
      ],
      "width": 256,
      "height": 144,
      "fx": 351.6771096901917,
      "fy": 351.6771096901917,
      "cx": 128.0,
      "cy": 72.0
    },
    {
      "frame": 23,
      "image_path": "images/00023.png",
      "mask_path": "masks/00023.png",
      "cam_to_world": [
        [
          0.5155538520707182,
          0.23992002503084564,
          -0.8225828845941389,
          -2.056457253977806
        ],
        [
          -0.8568571899280788,
          0.14435508167793903,
          -0.49493167349076056,
          -1.237329209293764
        ],
        [
          -2.8909584370074e-09,
          0.9599999499876509,
          0.28000000968688127,
          1.6000000883517993
        ],
        [
          0.0,
          0.0,
          0.0,
          1.0
        ]
      ],
      "width": 256,
      "height": 144,
      "fx": 351.6771096901917,
      "fy": 351.6771096901917,
      "cx": 128.0,
      "cy": 72.0
    },
    {
      "frame": 24,
      "image_path": "images/00024.png",
      "mask_path": "masks/00024.png",
      "cam_to_world": [
        [
          0.8276889840819013,
          0.1571323846057011,
          -0.5387395661345713,
          -1.3468488538638952
        ],
        [
          -0.5611870720404093,
          0.23175291751382215,
          -0.7945813750941298,
          -1.9864535594935617
        ],
        [
          -5.010018520016162e-10,
          0.9599999507714954,
          0.28000000699941474,
          1.6000000244126766
        ],
        [
          0.0,
          0.0,
          0.0,
          1.0
        ]
      ],
      "width": 256,
      "height": 144,
      "fx": 351.6771096901917,
      "fy": 351.6771096901917,
      "cx": 128.0,
      "cy": 72.0
    },
    {
      "frame": 25,
      "image_path": "images/00025.png",
      "mask_path": "masks/00025.png",
      "cam_to_world": [
        [
          0.9868265645228869,
          0.04529896519370552,
          -0.15531071714350747,
          -0.3882767401130863
        ],
        [
          -0.1617820034803765,
          0.27631145191924644,
          -0.9473534233957522,
          -2.3683834209678136
        ],
        [
          3.280167297985167e-10,
          0.9600000046943118,
          0.2800000264799606,
          1.5999999434143282
        ],
        [
          0.0,
          0.0,
          0.0,
          1.0
        ]
      ],
      "width": 256,
      "height": 144,
      "fx": 351.6771096901917,
      "fy": 351.6771096901917,
      "cx": 128.0,
      "cy": 72.0
    },
    {
      "frame": 26,
      "image_path": "images/00026.png",
      "mask_path": "masks/00026.png",
      "cam_to_world": [
        [
          0.9635500159640735,
          -0.07490794122247668,
          0.25682719287863887,
          0.6420680003749586
        ],
        [
          0.2675283427128786,
          0.2697940285385818,
          -0.9250079747778764,
          -2.312520002417233
        ],
        [
          -3.316219844628025e-09,
          0.9600000068521211,
          0.2800000190817583,
          1.60000004889649
        ],
        [
          0.0,
          0.0,
          0.0,
          1.0
        ]
      ],
      "width": 256,
      "height": 144,
      "fx": 351.6771096901917,
      "fy": 351.6771096901917,
      "cx": 128.0,
      "cy": 72.0
    },
    {
      "frame": 27,
      "image_path": "images/00027.png",
      "mask_path": "masks/00027.png",
      "cam_to_world": [
        [
          0.7621620183361422,
          -0.18126816969048712,
          0.6214908234105532,
          1.5537268624036296
        ],
        [
          0.6473862601060754,
          0.21340538760126573,
          -0.7316755627147442,
          -1.8291888600326471
        ],
        [
          -8.06795617982673e-09,
          0.9599999435411162,
          0.28000003178928423,
          1.6000000196301434
        ],
        [
          0.0,
          0.0,
          0.0,
          1.0
        ]
      ],
      "width": 256,
      "height": 144,
      "fx": 351.6771096901917,
      "fy": 351.6771096901917,
      "cx": 128.0,
      "cy": 72.0
    },
    {
      "frame": 28,
      "image_path": "images/00028.png",
      "mask_path": "masks/00028.png",
      "cam_to_world": [
        [
          0.41988908298053573,
          -0.25412113186342994,
          0.8712723902795225,
          2.1781808281257105
        ],
        [
          0.9075753364882566,
          0.11756896035240288,
          -0.40309354974842077,
          -1.0077338060964645
        ],
        [
          -5.7016051038677975e-09,
          0.9599999432694143,
          0.2800000327208335,
          1.6000000219590154
        ],
        [
          0.0,
          0.0,
          0.0,
          1.0
        ]
      ],
      "width": 256,
      "height": 144,
      "fx": 351.6771096901917,
      "fy": 351.6771096901917,
      "cx": 128.0,
      "cy": 72.0
    },
    {
      "frame": 29,
      "image_path": "images/00029.png",
      "mask_path": "masks/00029.png",
      "cam_to_world": [
        [
          4.898587071969947e-16,
          -0.28000000562667726,
          0.9599999511718771,
          2.399999944210055
        ],
        [
          1.0,
          1.3716043542273896e-16,
          -4.702643166518474e-16,
          -1.175660929976748e-15
        ],
        [
          1.1460895209161815e-23,
          0.9599999511718771,
          0.28000000562667726,
          1.600000020980833
        ],
        [
          0.0,
          0.0,
          0.0,
          1.0
        ]
      ],
      "width": 256,
      "height": 144,
      "fx": 351.6771096901917,
      "fy": 351.6771096901917,
      "cx": 128.0,
      "cy": 72.0
    }
  ]
}