[{"id": 0, "img_name": "images/00000.png", "width": 256, "height": 144, "position": [0.0, 0.0, -0.0], "rotation": [[0.920154433692777, 0.3915554311848753, 1.145588311677302e-06], [-0.022958265308902534, 0.05394991184420193, 0.9982787186519751], [0.39088178998987916, -0.918570534237328, 0.05863177004812924]], "fy": 221.702503, "fx": 221.70250299999995}, {"id": 1, "img_name": "images/00001.png", "width": 256, "height": 144, "position": [0.0, 0.0, -0.0], "rotation": [[0.920154433692777, 0.3915554311848753, 1.145588311677302e-06], [-0.022958265308902534, 0.05394991184420193, 0.9982787186519751], [0.39088178998987916, -0.918570534237328, 0.05863177004812924]], "fy": 221.702503, "fx": 221.70250299999995}, {"id": 2, "img_name": "images/00002.png", "width": 256, "height": 144, "position": [0.0, 0.0, -0.0], "rotation": [[0.920154433692777, 0.3915554311848753, 1.145588311677302e-06], [-0.022958265308902534, 0.05394991184420193, 0.9982787186519751], [0.39088178998987916, -0.918570534237328, 0.05863177004812924]], "fy": 221.702503, "fx": 221.70250299999995}, {"id": 3, "img_name": "images/00003.png", "width": 256, "height": 144, "position": [0.0, 0.0, -0.0], "rotation": [[0.920154433692777, 0.3915554311848753, 1.145588311677302e-06], [-0.022958265308902534, 0.05394991184420193, 0.9982787186519751], [0.39088178998987916, -0.918570534237328, 0.05863177004812924]], "fy": 221.702503, "fx": 221.70250299999995}, {"id": 4, "img_name": "images/00004.png", "width": 256, "height": 144, "position": [0.0, 0.0, -0.0], "rotation": [[0.920154433692777, 0.3915554311848753, 1.145588311677302e-06], [-0.022958265308902534, 0.05394991184420193, 0.9982787186519751], [0.39088178998987916, -0.918570534237328, 0.05863177004812924]], "fy": 221.702503, "fx": 221.70250299999995}, {"id": 5, "img_name": "images/00005.png", "width": 256, "height": 144, "position": [0.0, 0.0, -0.0], "rotation": [[0.920154433692777, 0.3915554311848753, 1.145588311677302e-06], [-0.022958265308902534, 0.05394991184420193, 0.9982787186519751], [0.39088178998987916, -0.918570534237328, 0.05863177004812924]], "fy": 221.702503, "fx": 221.70250299999995}, {"id": 6, "img_name": "images/00006.png", "width": 256, "height": 144, "position": [0.0, 0.0, -0.0], "rotation": [[0.920154433692777, 0.3915554311848753, 1.145588311677302e-06], [-0.022958265308902534, 0.05394991184420193, 0.9982787186519751], [0.39088178998987916, -0.918570534237328, 0.05863177004812924]], "fy": 221.702503, "fx": 221.70250299999995}, {"id": 7, "img_name": "images/00007.png", "width": 256, "height": 144, "position": [0.0, 0.0, -0.0], "rotation": [[0.920154433692777, 0.3915554311848753, 1.145588311677302e-06], [-0.022958265308902534, 0.05394991184420193, 0.9982787186519751], [0.39088178998987916, -0.918570534237328, 0.05863177004812924]], "fy": 221.702503, "fx": 221.70250299999995}, {"id": 8, "img_name": "images/00008.png", "width": 256, "height": 144, "position": [0.0, 0.0, -0.0], "rotation": [[0.920154433692777, 0.3915554311848753, 1.145588311677302e-06], [-0.022958265308902534, 0.05394991184420193, 0.9982787186519751], [0.39088178998987916, -0.918570534237328, 0.05863177004812924]], "fy": 221.702503, "fx": 221.70250299999995}, {"id": 9, "img_name": "images/00009.png", "width": 256, "height": 144, "position": [0.0, 0.0, -0.0], "rotation": [[0.920154433692777, 0.3915554311848753, 1.145588311677302e-06], [-0.022958265308902534, 0.05394991184420193, 0.9982787186519751], [0.39088178998987916, -0.918570534237328, 0.05863177004812924]], "fy": 221.702503, "fx": 221.70250299999995}, {"id": 10, "img_name": "images/00010.png", "width": 256, "height": 144, "position": [0.0, 0.0, -0.0], "rotation": [[0.920154433692777, 0.3915554311848753, 1.145588311677302e-06], [-0.022958265308902534, 0.05394991184420193, 0.9982787186519751], [0.39088178998987916, -0.918570534237328, 0.05863177004812924]], "fy": 221.702503, "fx": 221.70250299999995}, {"id": 11, "img_name": "images/00011.png", "width": 256, "height": 144, "position": [0.0, 0.0, -0.0], "rotation": [[0.920154433692777, 0.3915554311848753, 1.145588311677302e-06], [-0.022958265308902534, 0.05394991184420193, 0.9982787186519751], [0.39088178998987916, -0.918570534237328, 0.05863177004812924]], "fy": 221.702503, "fx": 221.70250299999995}, {"id": 12, "img_name": "images/00012.png", "width": 256, "height": 144, "position": [0.0, 0.0, -0.0], "rotation": [[0.920154433692777, 0.3915554311848753, 1.145588311677302e-06], [-0.022958265308902534, 0.05394991184420193, 0.9982787186519751], [0.39088178998987916, -0.918570534237328, 0.05863177004812924]], "fy": 221.702503, "fx": 221.70250299999995}, {"id": 13, "img_name": "images/00013.png", "width": 256, "height": 144, "position": [0.0, 0.0, -0.0], "rotation": [[0.920154433692777, 0.3915554311848753, 1.145588311677302e-06], [-0.022958265308902534, 0.05394991184420193, 0.9982787186519751], [0.39088178998987916, -0.918570534237328, 0.05863177004812924]], "fy": 221.702503, "fx": 221.70250299999995}, {"id": 14, "img_name": "images/00014.png", "width": 256, "height": 144, "position": [0.0, 0.0, -0.0], "rotation": [[0.920154433692777, 0.3915554311848753, 1.145588311677302e-06], [-0.022958265308902534, 0.05394991184420193, 0.9982787186519751], [0.39088178998987916, -0.918570534237328, 0.05863177004812924]], "fy": 221.702503, "fx": 221.70250299999995}, {"id": 15, "img_name": "images/00015.png", "width": 256, "height": 144, "position": [0.0, 0.0, -0.0], "rotation": [[0.920154433692777, 0.3915554311848753, 1.145588311677302e-06], [-0.022958265308902534, 0.05394991184420193, 0.9982787186519751], [0.39088178998987916, -0.918570534237328, 0.05863177004812924]], "fy": 221.702503, "fx": 221.70250299999995}, {"id": 16, "img_name": "images/00016.png", "width": 256, "height": 144, "position": [0.0, 0.0, -0.0], "rotation": [[0.920154433692777, 0.3915554311848753, 1.145588311677302e-06], [-0.022958265308902534, 0.05394991184420193, 0.9982787186519751], [0.39088178998987916, -0.918570534237328, 0.05863177004812924]], "fy": 221.702503, "fx": 221.70250299999995}, {"id": 17, "img_name": "images/00017.png", "width": 256, "height": 144, "position": [0.0, 0.0, -0.0], "rotation": [[0.920154433692777, 0.3915554311848753, 1.145588311677302e-06], [-0.022958265308902534, 0.05394991184420193, 0.9982787186519751], [0.39088178998987916, -0.918570534237328, 0.05863177004812924]], "fy": 221.702503, "fx": 221.70250299999995}, {"id": 18, "img_name": "images/00018.png", "width": 256, "height": 144, "position": [0.0, 0.0, -0.0], "rotation": [[0.920154433692777, 0.3915554311848753, 1.145588311677302e-06], [-0.022958265308902534, 0.05394991184420193, 0.9982787186519751], [0.39088178998987916, -0.918570534237328, 0.05863177004812924]], "fy": 221.702503, "fx": 221.70250299999995}, {"id": 19, "img_name": "images/00019.png", "width": 256, "height": 144, "position": [0.0, 0.0, -0.0], "rotation": [[0.920154433692777, 0.3915554311848753, 1.145588311677302e-06], [-0.022958265308902534, 0.05394991184420193, 0.9982787186519751], [0.39088178998987916, -0.918570534237328, 0.05863177004812924]], "fy": 221.702503, "fx": 221.70250299999995}, {"id": 20, "img_name": "images/00020.png", "width": 256, "height": 144, "position": [0.0, 0.0, -0.0], "rotation": [[0.920154433692777, 0.3915554311848753, 1.145588311677302e-06], [-0.022958265308902534, 0.05394991184420193, 0.9982787186519751], [0.39088178998987916, -0.918570534237328, 0.05863177004812924]], "fy": 221.702503, "fx": 221.70250299999995}, {"id": 21, "img_name": "images/00021.png", "width": 256, "height": 144, "position": [0.0, 0.0, -0.0], "rotation": [[0.920154433692777, 0.3915554311848753, 1.145588311677302e-06], [-0.022958265308902534, 0.05394991184420193, 0.9982787186519751], [0.39088178998987916, -0.918570534237328, 0.05863177004812924]], "fy": 221.702503, "fx": 221.70250299999995}, {"id": 22, "img_name": "images/00022.png", "width": 256, "height": 144, "position": [0.0, 0.0, -0.0], "rotation": [[0.920154433692777, 0.3915554311848753, 1.145588311677302e-06], [-0.022958265308902534, 0.05394991184420193, 0.9982787186519751], [0.39088178998987916, -0.918570534237328, 0.05863177004812924]], "fy": 221.702503, "fx": 221.70250299999995}, {"id": 23, "img_name": "images/00023.png", "width": 256, "height": 144, "position": [0.0, 0.0, -0.0], "rotation": [[0.920154433692777, 0.3915554311848753, 1.145588311677302e-06], [-0.022958265308902534, 0.05394991184420193, 0.9982787186519751], [0.39088178998987916, -0.918570534237328, 0.05863177004812924]], "fy": 221.702503, "fx": 221.70250299999995}, {"id": 24, "img_name": "images/00024.png", "width": 256, "height": 144, "position": [0.0, 0.0, -0.0], "rotation": [[0.920154433692777, 0.3915554311848753, 1.145588311677302e-06], [-0.022958265308902534, 0.05394991184420193, 0.9982787186519751], [0.39088178998987916, -0.918570534237328, 0.05863177004812924]], "fy": 221.702503, "fx": 221.70250299999995}, {"id": 25, "img_name": "images/00025.png", "width": 256, "height": 144, "position": [0.0, 0.0, -0.0], "rotation": [[0.920154433692777, 0.3915554311848753, 1.145588311677302e-06], [-0.022958265308902534, 0.05394991184420193, 0.9982787186519751], [0.39088178998987916, -0.918570534237328, 0.05863177004812924]], "fy": 221.702503, "fx": 221.70250299999995}, {"id": 26, "img_name": "images/00026.png", "width": 256, "height": 144, "position": [0.0, 0.0, -0.0], "rotation": [[0.920154433692777, 0.3915554311848753, 1.145588311677302e-06], [-0.022958265308902534, 0.05394991184420193, 0.9982787186519751], [0.39088178998987916, -0.918570534237328, 0.05863177004812924]], "fy": 221.702503, "fx": 221.70250299999995}, {"id": 27, "img_name": "images/00027.png", "width": 256, "height": 144, "position": [0.0, 0.0, -0.0], "rotation": [[0.920154433692777, 0.3915554311848753, 1.145588311677302e-06], [-0.022958265308902534, 0.05394991184420193, 0.9982787186519751], [0.39088178998987916, -0.918570534237328, 0.05863177004812924]], "fy": 221.702503, "fx": 221.70250299999995}, {"id": 28, "img_name": "images/00028.png", "width": 256, "height": 144, "position": [0.0, 0.0, -0.0], "rotation": [[0.920154433692777, 0.3915554311848753, 1.145588311677302e-06], [-0.022958265308902534, 0.05394991184420193, 0.9982787186519751], [0.39088178998987916, -0.918570534237328, 0.05863177004812924]], "fy": 221.702503, "fx": 221.70250299999995}, {"id": 29, "img_name": "images/00029.png", "width": 256, "height": 144, "position": [0.0, 0.0, -0.0], "rotation": [[0.920154433692777, 0.3915554311848753, 1.145588311677302e-06], [-0.022958265308902534, 0.05394991184420193, 0.9982787186519751], [0.39088178998987916, -0.918570534237328, 0.05863177004812924]], "fy": 221.702503, "fx": 221.70250299999995}]