[{"id": 0, "img_name": "00000.png", "width": 256, "height": 144, "position": [0.0, 0.0, -0.0], "rotation": [[0.8395703444400684, 0.5432508660710408, -5.448096035555484e-07], [-0.04013335852758165, 0.06202572698380717, 0.9972669370150614], [0.5417663860194071, -0.8372756575006646, 0.07387751429308989]], "fy": 173.823376, "fx": 309.019336}, {"id": 1, "img_name": "00016.png", "width": 256, "height": 144, "position": [0.0, 0.0, -0.0], "rotation": [[0.8395703444400684, 0.5432508660710408, -5.448096035555484e-07], [-0.04013335852758165, 0.06202572698380717, 0.9972669370150614], [0.5417663860194071, -0.8372756575006646, 0.07387751429308989]], "fy": 173.823376, "fx": 309.019336}, {"id": 2, "img_name": "00002.png", "width": 256, "height": 144, "position": [0.0, 0.0, -0.0], "rotation": [[0.8395703444400684, 0.5432508660710408, -5.448096035555484e-07], [-0.04013335852758165, 0.06202572698380717, 0.9972669370150614], [0.5417663860194071, -0.8372756575006646, 0.07387751429308989]], "fy": 173.823376, "fx": 309.019336}, {"id": 3, "img_name": "00004.png", "width": 256, "height": 144, "position": [0.0, 0.0, -0.0], "rotation": [[0.8395703444400684, 0.5432508660710408, -5.448096035555484e-07], [-0.04013335852758165, 0.06202572698380717, 0.9972669370150614], [0.5417663860194071, -0.8372756575006646, 0.07387751429308989]], "fy": 173.823376, "fx": 309.019336}, {"id": 4, "img_name": "00006.png", "width": 256, "height": 144, "position": [0.0, 0.0, -0.0], "rotation": [[0.8395703444400684, 0.5432508660710408, -5.448096035555484e-07], [-0.04013335852758165, 0.06202572698380717, 0.9972669370150614], [0.5417663860194071, -0.8372756575006646, 0.07387751429308989]], "fy": 173.823376, "fx": 309.019336}, {"id": 5, "img_name": "00008.png", "width": 256, "height": 144, "position": [0.0, 0.0, -0.0], "rotation": [[0.8395703444400684, 0.5432508660710408, -5.448096035555484e-07], [-0.04013335852758165, 0.06202572698380717, 0.9972669370150614], [0.5417663860194071, -0.8372756575006646, 0.07387751429308989]], "fy": 173.823376, "fx": 309.019336}, {"id": 6, "img_name": "00010.png", "width": 256, "height": 144, "position": [0.0, 0.0, -0.0], "rotation": [[0.8395703444400684, 0.5432508660710408, -5.448096035555484e-07], [-0.04013335852758165, 0.06202572698380717, 0.9972669370150614], [0.5417663860194071, -0.8372756575006646, 0.07387751429308989]], "fy": 173.823376, "fx": 309.019336}, {"id": 7, "img_name": "00012.png", "width": 256, "height": 144, "position": [0.0, 0.0, -0.0], "rotation": [[0.8395703444400684, 0.5432508660710408, -5.448096035555484e-07], [-0.04013335852758165, 0.06202572698380717, 0.9972669370150614], [0.5417663860194071, -0.8372756575006646, 0.07387751429308989]], "fy": 173.823376, "fx": 309.019336}, {"id": 8, "img_name": "00014.png", "width": 256, "height": 144, "position": [0.0, 0.0, -0.0], "rotation": [[0.8395703444400684, 0.5432508660710408, -5.448096035555484e-07], [-0.04013335852758165, 0.06202572698380717, 0.9972669370150614], [0.5417663860194071, -0.8372756575006646, 0.07387751429308989]], "fy": 173.823376, "fx": 309.019336}, {"id": 9, "img_name": "00018.png", "width": 256, "height": 144, "position": [0.0, 0.0, -0.0], "rotation": [[0.8395703444400684, 0.5432508660710408, -5.448096035555484e-07], [-0.04013335852758165, 0.06202572698380717, 0.9972669370150614], [0.5417663860194071, -0.8372756575006646, 0.07387751429308989]], "fy": 173.823376, "fx": 309.019336}, {"id": 10, "img_name": "00020.png", "width": 256, "height": 144, "position": [0.0, 0.0, -0.0], "rotation": [[0.8395703444400684, 0.5432508660710408, -5.448096035555484e-07], [-0.04013335852758165, 0.06202572698380717, 0.9972669370150614], [0.5417663860194071, -0.8372756575006646, 0.07387751429308989]], "fy": 173.823376, "fx": 309.019336}, {"id": 11, "img_name": "00022.png", "width": 256, "height": 144, "position": [0.0, 0.0, -0.0], "rotation": [[0.8395703444400684, 0.5432508660710408, -5.448096035555484e-07], [-0.04013335852758165, 0.06202572698380717, 0.9972669370150614], [0.5417663860194071, -0.8372756575006646, 0.07387751429308989]], "fy": 173.823376, "fx": 309.019336}, {"id": 12, "img_name": "00024.png", "width": 256, "height": 144, "position": [0.0, 0.0, -0.0], "rotation": [[0.8395703444400684, 0.5432508660710408, -5.448096035555484e-07], [-0.04013335852758165, 0.06202572698380717, 0.9972669370150614], [0.5417663860194071, -0.8372756575006646, 0.07387751429308989]], "fy": 173.823376, "fx": 309.019336}, {"id": 13, "img_name": "00026.png", "width": 256, "height": 144, "position": [0.0, 0.0, -0.0], "rotation": [[0.8395703444400684, 0.5432508660710408, -5.448096035555484e-07], [-0.04013335852758165, 0.06202572698380717, 0.9972669370150614], [0.5417663860194071, -0.8372756575006646, 0.07387751429308989]], "fy": 173.823376, "fx": 309.019336}, {"id": 14, "img_name": "00028.png", "width": 256, "height": 144, "position": [0.0, 0.0, -0.0], "rotation": [[0.8395703444400684, 0.5432508660710408, -5.448096035555484e-07], [-0.04013335852758165, 0.06202572698380717, 0.9972669370150614], [0.5417663860194071, -0.8372756575006646, 0.07387751429308989]], "fy": 173.823376, "fx": 309.019336}]